1082	385	126	129
1085	386	122	123
1086	388	120	120
1087	388	119	121
1086	390	119	121
1087	391	118	122
1087	393	118	121
1088	394	118	122
1088	395	118	123
1088	397	119	122
1087	398	119	123
1089	401	117	123
1088	402	116	123
1089	403	115	124
1088	402	116	125
1089	405	116	124
1088	405	114	125
1088	405	114	126
1088	406	114	126
1089	406	113	126
1088	405	114	127
1086	410	112	125
1088	409	110	126
1089	407	110	128
1088	408	112	127
1090	406	111	129
1098	398	111	139
1098	400	117	137
1096	398	117	139
1097	400	114	138
1094	399	115	139
1095	400	113	138
1094	398	113	140
1089	397	113	141
1090	396	110	141
1087	396	112	142
1088	398	109	139
1085	396	111	141
1086	395	108	142
1123	353	146	199
1124	339	158	209
1123	331	158	215
1125	331	163	220
1117	325	169	225
1115	319	170	231
1117	311	174	238
1111	312	182	237
1107	302	189	246
1110	296	190	252
1102	293	202	253
1103	291	203	257
1099	289	210	259
1093	289	214	258
1091	279	220	267
1090	276	226	271
1085	266	238	280
1083	266	243	279
1079	262	248	283
1074	258	254	288
1071	253	257	293
1064	246	261	300
1063	254	263	294
1056	252	268	296
1052	248	273	299
1049	252	280	297
1048	244	283	307
1048	246	287	303
1049	246	289	306
1056	242	287	308
1056	246	294	305
1054	242	296	311
1055	245	298	310
1056	247	297	307
1057	248	301	308
1059	247	300	310
1061	250	302	308
1059	254	303	307
1061	255	302	307
1062	260	302	305
1060	260	304	307
1062	267	303	304
1060	268	304	305
1058	263	307	312
1055	270	308	309
1058	269	307	311
1056	271	310	314
1053	268	312	320
1053	275	314	317
1050	279	315	315
1052	277	313	322
1048	276	318	324
1050	279	315	327
1047	281	317	326
1049	285	314	324
1045	290	319	324
1047	287	317	331
1041	293	320	328
1043	295	318	330
1044	293	317	335
1046	319	316	311
1048	304	312	329
1049	310	315	325
1047	312	319	326
1054	313	315	329
1055	319	317	324
1058	322	317	326
1060	320	319	329
1064	317	319	338
1065	321	321	333
1069	330	320	328
1071	328	321	332
1074	330	322	333
1075	328	323	337
1080	333	321	336
1083	332	321	339
1084	336	323	337
1087	331	321	342
1088	334	322	342
1093	340	318	336
1092	349	320	329
1094	349	318	329
1095	357	318	323
1096	355	315	325
1097	356	314	325
1100	353	313	328
1097	348	317	335
1097	323	320	361
1104	309	317	377
1094	239	332	449
1106	256	318	436
1091	230	327	459
1107	261	322	429
1091	216	327	472
1108	296	311	394
1095	235	315	452
1099	236	333	455
1087	237	332	446
1094	200	355	488
1097	189	328	498
1102	248	315	435
1081	296	333	384
1089	303	316	378
1084	312	321	366
1079	348	319	330
1078	345	319	332
1077	344	319	334
1076	346	318	332
1073	349	315	326
1073	354	310	320
1071	357	309	316
1070	358	308	312
1072	356	306	311
1071	354	306	311
1072	349	304	313
1072	348	305	311
1072	347	305	310
1074	342	302	311
1075	340	302	311
1075	339	302	309
1076	333	306	312
1079	331	304	311
1080	328	307	309
1082	323	306	312
1084	320	305	311
1085	307	306	318
1084	307	307	316
1085	294	308	323
1085	299	309	314
1086	293	305	315
1088	289	305	313
1088	280	304	318
1088	279	303	313
1089	273	302	316
1087	272	300	313
1085	263	301	317
1083	265	299	310
1082	257	300	315
1080	258	299	311
1078	253	300	313
1077	251	299	313
1075	246	299	315
1072	246	299	312
1071	243	298	313
1070	238	300	315
1069	241	299	311
1070	242	298	306
1072	227	297	320
1070	235	299	310
1070	237	299	309
1074	225	296	319
1074	238	299	304
1078	220	297	322
1078	232	301	309
1082	231	299	312
1084	236	299	307
1086	230	298	313
1088	233	300	308
1091	239	297	302
1095	249	293	294
1100	229	290	311
1096	225	296	315
1093	222	298	317
1092	226	297	314
1089	223	298	316
1088	225	298	315
1084	225	298	316
1080	227	301	312
1079	227	299	313
1071	227	306	312
1067	226	306	314
1064	225	306	315
1058	228	310	312
1057	230	308	310
1055	219	308	321
1053	224	312	315
1054	220	310	319
1055	220	310	319
1057	219	310	321
1060	217	308	323
1062	213	307	327
1064	212	306	326
1069	211	301	326
1071	207	303	329
1074	197	302	338
1079	202	300	332
1077	202	304	333
1082	206	301	328
1082	207	302	327
1082	204	304	330
1089	209	301	324
1088	209	304	326
1089	211	306	323
1090	208	311	328
1091	205	311	334
1090	207	316	331
1090	206	317	334
1089	207	317	329
1093	206	315	331
1091	204	318	333
1093	207	316	328
1094	207	315	329
1094	207	316	327
1095	209	314	326
1096	213	313	319
1101	216	304	318
1100	205	302	328
1098	209	304	321
1097	214	302	316
1097	208	303	322
1097	214	305	316
1099	215	303	316
1098	214	302	317
1095	218	303	314
1096	212	301	320
1091	215	304	317
1088	217	304	317
1085	217	306	319
1081	212	306	324
1074	216	312	319
1070	208	310	330
1064	216	312	321
1060	216	311	322
1056	209	311	330
1049	215	313	323
1045	216	309	324
1040	216	311	323
1032	212	314	328
1026	207	315	331
1021	203	312	335
1018	202	309	336
1010	208	308	328
1005	212	308	324
997	209	310	328
991	208	310	330
983	204	311	334
977	203	311	335
970	206	314	331
964	198	316	340
958	203	317	336
952	203	321	335
946	206	320	333
941	203	323	338
938	202	325	340
933	202	326	340
930	199	328	345
928	182	329	361
923	191	332	351
924	176	335	366
924	181	340	364
929	182	336	364
930	181	338	366
932	171	341	379
940	179	342	372
943	157	345	398
953	158	345	396
965	167	337	386
965	176	344	381
967	203	344	354
975	203	337	358
977	203	343	361
981	195	343	371
982	220	346	350
984	210	347	362
991	222	343	353
992	224	343	352
996	220	343	361
995	222	348	361
994	224	351	358
997	237	348	351
996	229	350	361
996	238	350	352
995	235	350	358
995	239	352	356
993	240	349	358
990	239	351	360
988	243	353	359
988	249	349	355
986	250	346	355
983	251	348	354
983	253	348	356
980	252	351	360
977	260	351	355
976	255	351	362
971	256	356	364
972	260	354	366
970	266	356	361
967	260	357	366
967	273	356	356
965	272	355	361
962	272	357	363
963	264	357	375
960	278	363	365
960	271	364	373
959	275	365	371
959	284	362	367
961	260	362	390
957	285	369	369
958	292	362	364
959	291	358	368
959	299	361	362
957	295	363	369
958	312	362	353
961	323	358	345
963	326	356	341
964	325	356	345
965	311	356	362
964	360	359	315
968	326	350	349
968	346	351	333
970	353	348	328
967	352	348	329
965	367	350	315
961	327	350	360
959	327	355	361
956	346	357	345
955	345	356	344
955	330	352	362
951	318	355	376
946	316	362	377
943	337	360	358
944	321	356	377
942	323	356	374
936	343	358	355
934	326	357	376
929	316	360	389
926	328	360	377
922	337	364	366
922	328	358	377
919	341	361	362
919	318	358	387
916	311	363	389
911	301	365	398
912	295	363	401
915	295	359	396
912	279	356	407
911	281	359	400
912	290	356	389
908	297	362	380
906	294	362	381
905	290	362	383
909	291	357	379
906	271	358	397
910	275	356	388
908	261	357	400
914	253	354	404
913	245	356	406
911	239	355	410
910	237	358	409
915	231	352	409
911	235	355	400
913	217	350	414
917	206	346	419
915	209	345	409
914	186	343	429
922	181	336	429
922	181	338	420
919	164	339	431
926	161	331	429
922	149	332	436
926	141	326	438
931	133	326	444
924	123	331	450
930	105	327	466
937	108	322	463
926	91	328	472
940	117	321	448
932	103	327	456
938	101	324	460
941	112	322	447
932	89	332	468
939	95	329	465
936	81	333	476
946	91	325	469
944	98	329	463
947	95	329	468
946	95	332	469
955	103	325	466
952	109	330	460
954	112	331	459
954	107	340	471
959	102	332	475
955	108	342	476
953	109	346	478
957	112	346	482
957	126	351	473
952	130	363	480
950	126	362	486
960	145	360	477
942	143	377	485
954	152	370	488
937	153	386	492
929	159	396	496
947	180	379	487
921	177	400	497
926	196	396	484
908	191	408	503
899	203	412	499
881	202	425	505
902	215	401	503
883	211	411	508
883	230	408	503
864	220	415	513
864	237	413	512
854	230	417	520
838	235	424	517
842	245	416	516
827	246	425	513
819	256	427	509
815	251	427	515
806	258	428	512
793	244	434	531
790	259	437	518
777	258	440	523
779	249	435	533
779	253	431	532
780	259	427	529
765	256	433	532
771	266	432	527
756	265	436	525
767	270	427	527
749	263	436	532
765	273	419	524
750	268	428	529
754	268	422	533
747	267	423	533
748	266	423	536
741	271	425	529
745	276	417	528
737	274	422	529
740	275	420	529
736	276	418	529
735	282	423	523
729	271	423	535
736	276	416	529
728	281	424	524
732	270	423	534
733	280	419	524
724	279	424	526
726	272	426	530
724	272	425	531
728	277	419	529
720	275	424	529
726	274	422	532
721	271	423	536
718	270	423	531
727	270	421	533
714	267	431	534
730	283	414	521
716	274	424	531
728	277	417	531
713	274	425	533
725	279	417	531
713	278	425	527
723	282	417	527
712	280	423	528
722	284	415	525
711	278	425	530
720	280	418	527
708	279	426	527
721	282	416	525
710	282	425	526
718	282	419	522
707	288	429	517
710	288	424	515
709	280	426	521
710	275	427	525
710	276	424	521
706	270	430	530
708	270	426	525
707	267	425	525
706	267	424	526
708	273	424	515
700	271	426	516
710	271	421	516
702	265	423	518
701	268	426	517
702	264	428	519
702	257	424	521
701	257	425	521
702	253	424	519
