487.50	167.30	527.2	593.0999999999999
494.28	167.30	526.72	593.0999999999999
501.05	167.30	526.25	593.0999999999999
507.83	167.30	525.77	593.0999999999999
514.60	167.30	525.3000000000001	593.0999999999999
531.40	167.30	518.83	593.0999999999999
548.20	167.30	512.3699999999999	593.0999999999999
565.00	167.30	505.9000000000001	593.0999999999999
565.00	167.30	523.3	593.0999999999999
588.25	172.15	515.55	588.25
611.50	177.00	507.79999999999995	583.4
626.05	178.95	506.79999999999995	581.45
640.60	180.90	505.80000000000007	579.5
640.60	180.90	519.4	579.5
667.70	180.90	511.70000000000005	587.3000000000001
682.25	183.80	512.6500000000001	584.4000000000001
696.80	186.70	513.6000000000001	581.5
709.40	186.70	507.80000000000007	581.5
722.00	186.70	502.0	581.5
730.70	186.70	502.0	581.5
739.40	186.70	502.0000000000001	581.5
741.35	190.60	506.85	577.6
743.30	194.50	511.70000000000005	573.7
743.30	194.50	515.5699999999999	573.7
743.30	194.50	519.45	573.7
743.30	194.50	523.3199999999999	573.7
743.30	194.50	527.2	573.7
741.35	196.93	527.6999999999999	571.27
739.40	199.35	528.1999999999999	568.85
737.45	201.78	528.7	566.4200000000001
735.50	204.20	529.2	564.0
728.70	204.20	536.0	564.0
721.90	204.20	542.8000000000001	564.0
719.95	207.10	538.95	561.1
718.00	210.00	535.0999999999999	558.2
712.20	210.00	535.0999999999999	558.2
706.40	210.00	535.1	558.2
699.60	210.00	537.0500000000001	558.2
692.80	210.00	539.0	558.2
686.00	214.85	539.0	557.25
679.20	219.70	539.0	556.3
672.40	222.60	537.1	556.3
665.60	225.50	535.1999999999999	556.3
658.80	229.40	535.2	555.3000000000001
652.00	233.30	535.2	554.3
647.15	233.30	534.2500000000001	554.3
642.30	233.30	533.3	554.3
640.35	233.30	529.4499999999999	554.3
638.40	233.30	525.6	554.3
634.50	233.30	526.5999999999999	554.3
630.60	233.30	527.6	554.3
630.60	238.47	524.37	549.13
630.60	243.63	521.13	543.97
630.60	248.80	517.9	538.8
627.37	252.67	521.13	538.1600000000001
624.13	256.53	524.37	537.5400000000001
620.90	260.40	527.6	536.9
620.90	260.40	522.43	536.9
620.90	260.40	517.2700000000001	536.9
620.90	260.40	512.1	536.9
620.90	264.93	507.57000000000005	535.5999999999999
620.90	269.47	503.0300000000001	534.3
620.90	274.00	498.5000000000001	533.0
620.90	275.11	496.56000000000006	531.33
620.90	276.23	494.61	529.66
620.90	277.34	492.66999999999996	527.99
620.90	278.46	490.73000000000013	526.31
620.90	279.57	488.7900000000001	524.6400000000001
620.90	280.69	486.84000000000003	522.97
620.90	281.80	484.9	521.3
620.90	281.80	483.39	520.6600000000001
620.90	281.80	481.88	520.01
620.90	281.80	480.37	519.3699999999999
620.90	281.80	478.86	518.72
620.90	281.80	477.34000000000003	518.0799999999999
620.90	281.80	475.83000000000004	517.4300000000001
620.90	281.80	474.32000000000005	516.79
620.90	281.80	472.81000000000006	516.1400000000001
620.90	281.80	471.30000000000007	515.5
623.48	281.80	468.72	514.53
626.07	281.80	466.13	513.5699999999999
628.65	281.80	463.55000000000007	512.5999999999999
631.23	281.80	460.97	511.62999999999994
633.82	281.80	458.38	510.67
636.40	281.80	455.80000000000007	509.7
640.28	281.80	451.9200000000001	507.74999999999994
644.15	281.80	448.05000000000007	505.8
648.03	281.80	444.1700000000001	503.84999999999997
651.90	281.80	440.30000000000007	501.90000000000003
655.30	281.80	436.9000000000001	499.95
658.70	281.80	433.5	497.99999999999994
662.10	281.80	430.1	496.05
665.50	281.80	426.70000000000005	494.09999999999997
668.40	281.80	425.2500000000001	492.15000000000003
671.30	281.80	423.79999999999995	490.2
674.20	281.80	422.3499999999999	488.24999999999994
677.10	281.80	420.9	486.3
680.20	281.80	417.79999999999995	485.14000000000004
683.30	281.80	414.70000000000005	483.97999999999996
686.40	281.80	411.6	482.82
689.50	281.80	408.5	481.66
692.60	281.80	405.4	480.49999999999994
696.47	281.80	401.53	479.05
700.35	281.80	397.65	477.59999999999997
704.22	281.80	393.78	476.15000000000003
708.10	281.80	389.9	474.7
711.50	281.80	386.5	472.28000000000003
714.90	281.80	383.1	469.84999999999997
718.30	281.80	379.70000000000005	467.43
721.70	281.80	376.29999999999995	464.99999999999994
724.93	281.80	373.07000000000005	463.7
728.17	281.80	369.83000000000004	462.40000000000003
731.40	281.80	366.6	461.09999999999997
735.28	278.90	362.72	461.58000000000004
739.15	276.00	358.85	462.04999999999995
743.03	273.10	354.97	462.53
746.90	270.20	351.1	463.00000000000006
750.30	270.20	347.70000000000005	461.05
753.70	270.20	344.29999999999995	459.09999999999997
757.10	270.20	340.9	457.15000000000003
760.50	270.20	337.5	455.2
763.40	270.68	334.6	452.77000000000004
766.30	271.15	331.70000000000005	450.35
769.20	271.63	328.79999999999995	447.91999999999996
772.10	272.10	325.9	445.5
774.05	272.10	323.95000000000005	443.54999999999995
776.00	272.10	322.0	441.6
777.95	272.10	320.04999999999995	439.65
779.90	272.10	318.1	437.69999999999993
783.13	272.10	312.2700000000001	436.4
786.37	272.10	306.42999999999995	435.1
789.60	272.10	300.6	433.79999999999995
791.54	272.10	298.6600000000001	432.24
793.48	272.10	296.72	430.67999999999995
795.42	272.10	294.7800000000001	429.12
797.36	272.10	292.84000000000003	427.55999999999995
799.30	272.10	290.9000000000001	426.0
799.30	272.10	290.9000000000001	424.04999999999995
799.30	272.10	290.9000000000001	422.1
799.30	272.10	290.9000000000001	420.15
799.30	272.10	290.9000000000001	418.19999999999993
799.30	272.10	290.9000000000001	416.25
799.30	272.10	290.9000000000001	414.29999999999995
799.30	272.10	290.9000000000001	412.35
799.30	272.10	290.9000000000001	410.4
800.60	272.10	289.6	407.79999999999995
801.90	272.10	288.30000000000007	405.19999999999993
803.20	272.10	287.0	402.6
803.20	270.15	285.04999999999995	403.1
803.20	268.20	283.0999999999999	403.59999999999997
803.20	266.25	281.14999999999986	404.1
803.20	264.30	279.20000000000005	404.59999999999997
803.20	264.30	278.81999999999994	403.44
803.20	264.30	278.44000000000005	402.28000000000003
803.20	264.30	278.05999999999995	401.11999999999995
803.20	264.30	277.68000000000006	399.96
803.20	264.30	277.29999999999995	398.8
803.20	264.30	277.29999999999995	397.34999999999997
803.20	264.30	277.29999999999995	395.90000000000003
803.20	264.30	277.29999999999995	394.45
803.20	264.30	277.29999999999995	392.99999999999994
803.20	264.30	275.3699999999999	391.7
803.20	264.30	273.43000000000006	390.40000000000003
803.20	264.30	271.5	389.09999999999997
803.20	264.30	271.5	387.17
803.20	264.30	271.5	385.22999999999996
803.20	264.30	271.5	383.3
803.20	264.30	270.53	382.33
803.20	264.30	269.56999999999994	381.36999999999995
803.20	264.30	268.5999999999999	380.40000000000003
803.20	264.30	267.6299999999999	379.43
803.20	264.30	266.66999999999985	378.46999999999997
803.20	264.30	265.70000000000005	377.49999999999994
803.93	265.02	264.97000000000014	376.06000000000006
804.65	265.75	264.2500000000001	374.6
805.38	266.47	263.5200000000001	373.15999999999997
806.10	267.20	262.80000000000007	371.7
806.83	267.92	262.07000000000005	370.25999999999993
807.55	268.65	261.35000000000014	368.80000000000007
808.28	269.37	260.6200000000001	367.36
809.00	270.10	259.9000000000001	365.9
809.27	272.04	259.6300000000001	363.96
809.54	273.99	259.3600000000001	362.01
809.81	275.93	259.09000000000015	360.07
810.09	277.87	258.81000000000006	358.13
810.36	279.81	258.5400000000001	356.19
810.63	281.76	258.2700000000001	354.24
810.90	283.70	258.0000000000001	352.3
812.01	285.09	256.8900000000001	350.91
813.13	286.47	255.7700000000001	349.53
814.24	287.86	254.66000000000008	348.14
815.36	289.24	253.54000000000008	346.76
816.47	290.63	252.43000000000006	345.37
817.59	292.01	251.31000000000006	343.99
818.70	293.40	250.20000000000005	342.6
818.70	295.34	248.26	342.9800000000001
818.70	297.28	246.31999999999994	343.36
818.70	299.22	244.37999999999988	343.74
818.70	301.16	242.44000000000005	344.11999999999995
818.70	303.10	240.5	344.5
818.70	303.10	239.04999999999995	344.5
818.70	303.10	237.5999999999999	344.5
818.70	303.10	236.14999999999986	344.5
818.70	303.10	234.70000000000005	344.5
817.14	305.82	234.32000000000005	341.78000000000003
815.58	308.54	233.93999999999994	339.06
814.02	311.26	233.55999999999995	336.34000000000003
812.46	313.98	233.18000000000006	333.62
810.90	316.70	232.80000000000007	330.90000000000003
810.90	319.13	231.35000000000002	328.47
810.90	321.55	229.89999999999998	326.05
810.90	323.98	228.44999999999993	323.62
810.90	326.40	227.0000000000001	321.20000000000005
809.60	326.40	227.33000000000004	321.20000000000005
808.30	326.40	227.67000000000007	321.20000000000005
807.00	326.40	228.0	321.20000000000005
805.70	326.40	228.32999999999993	321.20000000000005
804.40	326.40	228.66999999999996	321.20000000000005
803.10	326.40	228.9999999999999	321.20000000000005
804.07	326.40	226.58000000000004	319.75
805.05	326.40	224.1500000000001	318.30000000000007
806.02	326.40	221.73000000000002	316.85
807.00	326.40	219.29999999999995	315.4
808.16	326.40	218.14	313.46000000000004
809.32	326.40	216.9799999999999	311.52
810.48	326.40	215.81999999999994	309.58000000000004
811.64	326.40	214.65999999999997	307.64
812.80	326.40	213.5	305.70000000000005
814.73	326.40	211.56999999999994	302.47
816.67	326.40	209.63	299.23
818.60	326.40	207.69999999999993	296.0
819.23	322.53	212.8699999999999	297.27
819.87	318.67	218.0300000000001	298.53000000000003
820.50	314.80	223.20000000000005	299.8
825.67	312.87	218.0300000000001	298.5
830.83	310.93	212.87	297.2
836.00	309.00	207.70000000000005	295.9
837.93	307.07	210.30000000000007	294.59999999999997
839.87	305.13	212.89999999999998	293.29999999999995
841.80	303.20	215.5	292.00000000000006
846.65	301.25	214.55000000000007	291.04999999999995
851.50	299.30	213.5999999999999	290.09999999999997
854.73	297.37	210.3699999999999	288.15999999999997
857.97	295.43	207.12999999999988	286.23999999999995
861.20	293.50	203.89999999999986	284.29999999999995
863.80	293.50	201.29999999999995	283.0
866.40	293.50	198.69999999999993	281.70000000000005
869.00	293.50	196.0999999999999	280.4
864.47	290.90	200.62999999999988	282.37
859.93	288.30	205.16999999999996	284.33
855.40	285.70	209.69999999999993	286.3
845.70	285.70	215.51999999999998	282.40000000000003
836.00	285.70	221.3499999999999	278.50000000000006
826.30	277.90	217.5	280.5
810.80	277.90	217.5	280.5
795.30	277.90	215.60000000000002	278.6
775.90	274.00	217.60000000000002	280.6
754.60	274.00	213.69999999999993	276.70000000000005
733.30	274.00	213.70000000000005	270.9
713.90	274.00	217.60000000000002	270.9
692.60	274.00	215.60000000000002	270.9
671.30	268.20	215.60000000000002	272.8
